Base	G	A	T	C	sample
1	10.568437715538419	24.26474277594472	28.12141653399617	37.04540297452069	ERS185403
2	21.55133301103312	26.387323382570386	28.132422019645915	23.928921586750587	ERS185403
3	22.818811422305473	21.764744154882102	16.542193382510483	38.87425104030195	ERS185403
4	27.78540684064363	23.35757257550343	16.910062608883706	31.94695797496924	ERS185403
5	25.78295526845355	23.003839190768932	20.29126166832826	30.92194387244925	ERS185403
6	27.560123301239514	23.73972250994781	24.255636135322536	24.444518053490143	ERS185403
7	22.1385597305444	25.169304264180322	16.48372466641612	36.20841133885916	ERS185403
8	22.56225024969841	28.754289291487503	22.41998650009589	26.26347395871819	ERS185403
9	22.792681257363157	22.45298104597513	30.68841365671392	24.065924039947795	ERS185403
10	32.24133483861065	20.152036993360493	18.470479853218027	29.13614831481083	ERS185403
11	29.45997553799841	22.58049626499124	21.606573874439515	26.35295432257083	ERS185403
12	28.218603258395724	16.95914224762675	26.52293310573195	28.29932138824557	ERS185403
13	21.57832294408068	28.103856164825373	22.180110099761567	28.137710791332392	ERS185403
14	23.885266824832073	26.75257508581129	18.024413525316838	31.337744564039806	ERS185403
15	25.570440051441327	24.441734549858126	21.05430635945882	28.93351903924173	ERS185403
16	22.245611081404604	19.702197171901727	22.09998969750086	35.95220204919281	ERS185403
17	28.59755424813715	19.442409818472623	24.95860528900917	27.00143064438106	ERS185403
18	29.863366398858425	25.19596859372133	19.698688009240524	25.24197699817973	ERS185403
19	30.850247812729567	25.506166165380808	20.512080030910088	23.131505990979537	ERS185403
20	33.43335584172736	20.380818053596613	20.76945802873945	25.41636807593657	ERS185403
21	26.516285196802315	23.138869173379646	23.620259830578227	26.724585799239826	ERS185403
22	32.90839043530592	23.03130456950028	30.633449002449513	13.4268559927443	ERS185403
23	40.637057375159564	25.10703575353582	15.908120928317631	18.347785942986995	ERS185403
24	34.764251070317286	19.96166662457616	19.02228625886725	26.2517960462393	ERS185403
25	24.069587661607372	15.359360393125975	19.616880025885575	40.95417191938108	ERS185403
26	22.292619699603357	13.073244935882178	40.09189121072771	24.542244153786758	ERS185403
27	20.03532848137905	14.945318480726655	46.79462987263413	18.22472316526016	ERS185403
28	34.9995647632312	22.016723972841223	27.349462482590532	15.634248781337046	ERS185403
1	16.225649144107628	24.04381200175941	28.504632978665395	31.22590587546757	ERS185400
2	20.3256486795533	29.883832594954537	24.751456154479627	25.03906257101253	ERS185400
3	26.41112276857828	21.689428262577454	21.347322748312763	30.552126220531516	ERS185400
4	25.774863159544864	22.331351274290352	22.753814408162548	29.13997115800224	ERS185400
5	24.628510859350254	23.13815814360108	23.063468978323783	29.169862018724885	ERS185400
6	24.711591545743904	24.48267322796184	24.15798226541893	26.64775296087533	ERS185400
7	22.29971366976397	31.191752198822194	18.61912171613661	27.88941241527721	ERS185400
8	23.28722976579636	23.278937280526034	23.938542006152115	29.495290947525486	ERS185400
9	24.026044765107407	23.122618253395856	31.13401099220041	21.717325989296327	ERS185400
10	32.116897960075434	19.89338382052196	20.43491945581984	27.554798763582767	ERS185400
11	29.19084314241571	21.53393710956452	23.498858533722753	25.77636121429701	ERS185400
12	24.711742420412868	20.80776531039852	29.21442560737627	25.266066661812342	ERS185400
13	23.306693572242235	28.32783831936179	24.22847913674361	24.13698897165236	ERS185400
14	23.59078016496593	29.33187218985565	22.254133775508343	24.823213869670077	ERS185400
15	24.812502605826673	25.625736376794986	22.497983217965032	27.06377779941332	ERS185400
16	20.306672008693248	22.146660894491077	30.95813078748734	26.588536309328326	ERS185400
17	26.332605222834417	17.676852299818552	34.05267045856649	21.937872018780553	ERS185400
18	25.78810886529973	17.89453619080773	28.46813181366428	27.84922313022826	ERS185400
19	29.786414743452397	23.491012135213968	22.61261911852737	24.10995400280627	ERS185400
20	29.88984173481649	24.48274676804053	20.487046073489786	25.1403654236532	ERS185400
21	25.113943938582395	20.77838048400448	20.59031017188489	33.51736540552823	ERS185400
22	23.137314817310532	20.609267964251863	29.94108313901304	26.312334079424573	ERS185400
23	30.274609340999607	20.496137013866864	21.766435324371113	27.46281832076241	ERS185400
24	23.92158319579258	18.9559993419272	22.062251564249664	35.060165898030554	ERS185400
25	19.595535866725946	17.028601498326896	22.40432831664081	40.971534318306354	ERS185400
26	16.037508785815113	12.797314936771665	32.79301800870608	38.37215826870714	ERS185400
27	14.266593445990742	11.540963269208335	35.80565032195283	38.3867929628481	ERS185400
28	18.069550904122494	16.29551633197006	32.324920467785425	33.310012296122025	ERS185400
1	14.476817180470368	24.85296337064601	26.06133806433816	34.60888138454546	ERS185470
2	23.403729135705728	24.32523446673775	27.24402348840808	25.027012909148432	ERS185470
3	23.889141581332606	21.5862495482488	18.998341564589072	35.52626730582953	ERS185470
4	31.416404575608787	20.634525292322113	18.83382725856222	29.11524287350688	ERS185470
5	28.977062847591238	24.1665548871715	18.861802219572272	27.994580045665003	ERS185470
6	30.63540096346077	23.165794312739767	21.821211760329263	24.377592963470203	ERS185470
7	21.84800792379245	24.838509985069194	21.794666768858434	31.51881532227992	ERS185470
8	27.42492054880781	21.973670721359557	23.578753946764365	27.02265478306827	ERS185470
9	23.224124015359244	18.822917655409785	28.92902686453124	29.023931464699732	ERS185470
10	29.35068834207751	21.003158868443567	23.195287107418622	26.450865682060304	ERS185470
11	30.447394412168432	20.780123592662143	22.25320857628782	26.519273418881607	ERS185470
12	27.56271161559201	18.188888895439568	29.154091819426867	25.094307669541568	ERS185470
13	23.57472127024479	29.389621484078607	20.139378142729207	26.896279102947393	ERS185470
14	26.61972335434333	24.131325917047572	19.756966696282284	29.49198403232681	ERS185470
15	29.414500963048077	22.65479958754305	18.55225751793592	29.378441931472956	ERS185470
16	23.586011365559134	20.871657262184307	22.323746283554133	33.21858508870242	ERS185470
17	24.891343886870303	18.589878886460554	29.24078678109655	27.277990445572602	ERS185470
18	25.464495544415627	22.334691615410897	24.29971793108656	27.901094909086915	ERS185470
19	29.934389458742174	24.598188209067025	19.589701714431587	25.87772061775921	ERS185470
20	30.897904391664817	20.320307798453776	21.79188675536909	26.98990105451232	ERS185470
21	28.502283323997663	18.696683507118426	24.32330849370819	28.47772467517572	ERS185470
22	25.957158198473877	23.53130448279371	30.662288239197284	19.849249079535134	ERS185470
23	33.700989491295545	24.834371758236863	19.551522068562207	21.91311668190539	ERS185470
24	29.411585335327363	17.776664758199654	23.567102337219747	29.24464756925323	ERS185470
25	21.925840393274843	14.844922634457886	23.941575416293105	39.287661555974175	ERS185470
26	19.031648805453692	13.845442627723322	39.74066722794633	27.382241338876646	ERS185470
27	16.64647484307179	14.06075235573393	42.437215373436906	26.855557427757365	ERS185470
28	23.346941773422532	17.13010852067891	32.01594656187964	27.50700314401892	ERS185470
1	13.576534374196779	27.313119833633557	23.873510826943487	35.23683496522618	ERS185082
2	18.514116135505272	22.286436931387325	26.80724042373839	32.39220650936902	ERS185082
3	21.886131360296744	15.550188713115812	17.225514543825252	45.338165382762185	ERS185082
4	24.598415658639396	17.961989971763188	17.590354559678612	39.84923980991879	ERS185082
5	24.286131150481854	19.32630243613773	18.217057740180255	38.170508673200146	ERS185082
6	26.816631140784892	24.26818129869205	20.005347276632826	28.90984028389023	ERS185082
7	22.037440526738585	28.039642065602642	18.902170560613534	31.02074684704523	ERS185082
8	22.96029225825428	20.118881778535577	26.022326433028496	30.898499530181645	ERS185082
9	22.796394066201405	19.01336333178853	31.732281104358968	26.457961497651105	ERS185082
10	32.29950153057794	16.907079190657104	21.09022274601841	29.70319653274654	ERS185082
11	29.478376697739463	18.042742996827453	25.03718816960473	27.44169213582836	ERS185082
12	27.287396880156063	17.259076931224655	31.828796369846806	23.62472981877248	ERS185082
13	20.572072403414673	31.983254699595904	19.514504012233814	27.930168884755613	ERS185082
14	23.726994737153028	29.50945589887761	16.718651382044065	30.04489798192529	ERS185082
15	23.947511657515392	27.83804756222407	18.75965352427444	29.45478725598609	ERS185082
16	17.816380647354773	15.732103692670753	30.089042522788585	36.36247313718589	ERS185082
17	22.574439578948173	15.160321328149829	34.67879153489456	27.58644755800744	ERS185082
18	24.243285087621487	21.98885984566944	28.587627011161157	25.180228055547914	ERS185082
19	31.58737284276757	24.21209574830398	19.69206794139448	24.50846346753397	ERS185082
20	26.68557818178953	26.790824320276197	18.768084942759906	27.75551255517437	ERS185082
21	22.473159733535237	17.138020778376735	23.364900832346365	37.02391865574166	ERS185082
22	24.34496977861318	20.26632920266012	34.78868391684249	20.60001710188421	ERS185082
23	41.05757747010571	17.95722726624145	18.759098615475708	22.226096648177133	ERS185082
24	28.4832421353019	15.066984494655015	23.53131845986348	32.918454910179605	ERS185082
25	16.33995226720947	13.95292933765515	24.32507908134128	45.382039313794095	ERS185082
26	14.693742881274686	9.94357304783226	41.21473253540422	34.147951535488836	ERS185082
27	13.73350548389107	11.27940580793918	41.64730946594378	33.33977924222596	ERS185082
28	18.15494849023469	18.90667520324532	31.07289772990571	31.86547857661429	ERS185082
1	15.554223152428884	22.353034656288386	27.95259955064913	34.14014264063361	ERS185252
2	23.479789609081337	22.63616372249147	24.129376519176326	29.75467014925087	ERS185252
3	19.550821614333923	20.78346716275552	19.376005444109	40.28970577880156	ERS185252
4	29.366211449245515	19.455539361687148	17.79151351347625	33.38673567559109	ERS185252
5	26.57348886482215	22.739616065161794	20.46916976284918	30.217725307166877	ERS185252
6	28.67836701226186	23.307998593287703	19.3778065431818	28.63582785126864	ERS185252
7	20.586632649785198	26.719258503941326	21.47451383047011	31.219595015803357	ERS185252
8	25.415981644592648	19.292888815968684	27.250074698345717	28.04105484109293	ERS185252
9	22.228036470519413	18.880206307278172	31.6094740941016	27.282283128100826	ERS185252
10	29.181186968038958	22.098488759400816	21.29395753903764	27.426366733522592	ERS185252
11	29.206357507002586	19.6818016278341	24.28754929286734	26.824291572295976	ERS185252
12	27.93479489419956	19.58211167742988	30.09557963101941	22.38751379735115	ERS185252
13	23.991744278459002	29.04953334442894	19.857684084469724	27.101038292642325	ERS185252
14	25.53414603419006	27.191608954829942	18.886290494702266	28.387954516277738	ERS185252
15	28.918477268559705	26.61573949786561	19.353243306644146	25.11253992693055	ERS185252
16	23.460234185468952	18.31383823046562	26.75963598811681	31.46629159594862	ERS185252
17	23.168613329862836	19.733822669217545	32.64891012023089	24.44865388068873	ERS185252
18	25.727958161424237	20.609026746742423	26.810696978587615	26.85231811324573	ERS185252
19	32.64236276378195	24.776360321853005	20.49996833143008	22.08130858293497	ERS185252
20	28.089461619460803	23.505387856172096	22.2719536522775	26.13319687208961	ERS185252
21	27.033641110551628	17.022491853757714	26.372144351073512	29.571722684617143	ERS185252
22	26.40805642962456	22.817830196375922	34.42940910531243	16.344704268687085	ERS185252
23	38.57143700875493	21.803904268926924	17.948747071639293	21.67591165067885	ERS185252
24	34.88540028577876	15.905169304940069	23.604714045999774	25.604716363281398	ERS185252
25	14.207901674600661	14.283673655075841	27.66412402822768	43.84430064209583	ERS185252
26	10.524961791548039	9.160921283961093	49.874585942137216	30.43953098235366	ERS185252
27	9.964657093508825	9.448292824965105	56.903248842205066	23.683801239321017	ERS185252
28	13.310709563684444	14.910973997355663	46.98854120758043	24.789775231379465	ERS185252
1	13.99541366213518	26.98329323930695	24.927396582751683	34.093896515806186	ERS185036
2	21.517287580142973	24.457463483026114	23.704184964621373	30.321063972209547	ERS185036
3	22.55147983214404	19.477591041035947	17.45506262725203	40.515866499567984	ERS185036
4	31.25298213935761	18.52049476591489	18.18095614592738	32.04556694880013	ERS185036
5	28.913541244952327	23.101368479777122	16.956817832252046	31.028272443018498	ERS185036
6	30.33321504625657	22.739542737963237	19.789059393099546	27.13818282268065	ERS185036
7	25.19704959451952	24.970515098299114	20.87123011541332	28.96120519176805	ERS185036
8	28.35021971910717	20.52547398014434	22.530046670391012	28.59425963035747	ERS185036
9	22.936442658884577	18.81146381101576	28.173357584618092	30.078735945481572	ERS185036
10	29.758834641036092	18.663197945302773	24.438581810195608	27.13938560346552	ERS185036
11	31.01402781610989	19.767082085572586	22.266980558852907	26.951909539464623	ERS185036
12	26.686216658827075	17.299984552494614	31.42152816438954	24.59227062428877	ERS185036
13	23.53811268070044	30.185780568349465	18.761170844363416	27.51493590658669	ERS185036
14	26.814752820433327	24.88188063778225	18.508192881602785	29.79517366018163	ERS185036
15	29.26197673944755	23.35887454270417	18.472254002337728	28.90689471551055	ERS185036
16	22.666401685136517	17.826776350861753	25.006504028285537	34.50031793571619	ERS185036
17	25.24102022050726	16.089852743960982	31.307140808557037	27.361986226974714	ERS185036
18	25.59431224882589	21.1644401229672	25.595774044381944	27.645473583824977	ERS185036
19	29.61929981370697	23.6193862812196	19.23451843650087	27.52679546857256	ERS185036
20	28.895109760567284	22.986731168430754	20.817202170591603	27.300956900410362	ERS185036
21	26.32487080059498	19.4721809689018	23.09306131282267	31.10988691768056	ERS185036
22	25.54210453315473	22.653228244208087	31.23273995782072	20.57192726481645	ERS185036
23	37.13282149404481	21.366660760600425	17.856338351708914	23.64417939364585	ERS185036
24	29.56765163297045	16.80455805142717	21.40721944830973	32.22057086729265	ERS185036
25	18.2476936688062	13.524290744131555	23.75889896236812	44.46911662469414	ERS185036
26	14.685333136786024	9.823556631138414	46.1301041424526	29.361006089622954	ERS185036
27	13.50963786709302	10.347178348649358	48.76740143769114	27.375782346566478	ERS185036
28	18.1176172115067	18.568704084824017	32.68405984747249	30.62961885619678	ERS185036
1	10.420241999316927	19.27142084165544	30.38406469903786	39.92427245998977	ERS185125
2	20.96588520043107	21.28973476923232	27.14707196236444	30.597308067972175	ERS185125
3	19.83030106759535	20.28505774847249	16.716230076794638	43.16841110713753	ERS185125
4	26.920186559572137	17.177624397270318	17.519238501710092	38.382950541447464	ERS185125
5	26.31545519597922	21.83121210783137	15.667580645584056	36.18575205060536	ERS185125
6	25.188453033299176	26.342111325227595	18.933313439486497	29.536122201986732	ERS185125
7	21.07598741692982	27.79054435362313	15.966159890076762	35.16730833937029	ERS185125
8	23.418046801595267	20.657948327103067	26.86578313836029	29.05822173294137	ERS185125
9	24.792405124544832	18.017162466782	34.06181068863592	23.12862172003726	ERS185125
10	31.111719351729754	21.184587249932452	19.95149869144256	27.75219470689523	ERS185125
11	24.89920680046616	19.923633878128747	26.387595117407237	28.789564203997852	ERS185125
12	26.10318045995088	18.4104857994298	31.207784404576124	24.278549336043195	ERS185125
13	20.49767211442902	33.59048852429334	18.160279826140997	27.751559535136643	ERS185125
14	21.27745651919688	31.39803938173181	16.667604230935186	30.65689986813612	ERS185125
15	23.961652613283977	26.954599710464024	19.123891557082544	29.95985611916946	ERS185125
16	20.88252017275377	18.06293173322365	30.26926240911675	30.785285684905826	ERS185125
17	23.1416871317792	16.699804018823873	34.503302645745876	25.65520620365105	ERS185125
18	28.73487407965757	22.45564858061998	25.235374351105307	23.574102988617145	ERS185125
19	33.322837776301675	28.956918711264514	14.807046551543849	22.91319696088996	ERS185125
20	27.41965679939811	24.52841645730537	20.697045148415715	27.35488159488081	ERS185125
21	23.36524110310448	15.589870046258257	29.705191319510284	31.339697531127	ERS185125
22	26.80456688147464	21.719300729858183	38.77014849106936	12.70598389759782	ERS185125
23	47.845899842635156	21.14971069181837	12.648976183374105	18.35541328217236	ERS185125
24	35.53821432011344	15.354308628473685	21.201001459394806	27.90647559201808	ERS185125
25	16.29853423151242	11.321334983407555	24.78954573412837	47.59058505095165	ERS185125
26	16.23293401258513	8.349897406162476	53.63405773069706	21.783110850555335	ERS185125
27	15.595093275579588	9.790332107472594	58.1878942150155	16.426680401932312	ERS185125
28	24.943628115347156	18.17334242829526	35.949028497216396	20.93400095914118	ERS185125
1	21.61344003948519	32.57321163251685	22.342789779822038	23.470558548175923	ERS185102
2	23.985036053063478	25.875986941503392	23.46557806362166	26.67339894181148	ERS185102
3	27.86427198786123	18.893922300565468	18.585499532000078	34.65630617957323	ERS185102
4	31.448441653831118	23.58261501521341	19.24035996854765	25.728583362407818	ERS185102
5	28.311497840561145	27.39705723635149	19.326301148592915	24.965143774494447	ERS185102
6	32.02849196619352	23.514906434422898	21.350161825090968	23.106439774292607	ERS185102
7	25.92844827216346	25.315954286110344	23.563687439693126	25.191910002033076	ERS185102
8	29.481965691082586	19.594486825344028	22.596357031704155	28.32719045186923	ERS185102
9	24.239743240143717	18.578686954431642	23.820112915447933	33.361456889976715	ERS185102
10	30.63821829200165	18.06943603502502	25.951528375048014	25.340817297925323	ERS185102
11	34.682372156275896	19.92684968118552	23.085023973831067	22.305754188707517	ERS185102
12	28.644617508365396	17.67904004311601	30.5412834241202	23.135059024398394	ERS185102
13	26.312716380551354	26.72079313738451	23.410927016099965	23.555563465964184	ERS185102
14	30.644832344614283	22.140125426643067	19.604559306327427	27.610482922415237	ERS185102
15	29.891617874292297	22.809621207548126	19.189997170422675	28.108763747736894	ERS185102
16	20.78680721429899	19.91478183143034	25.625484094493448	33.672926859777235	ERS185102
17	25.41309865692781	16.546074932932658	30.217576565931235	27.823249844208288	ERS185102
18	21.988638252920364	19.12561193404697	28.40338372912502	30.48236608390764	ERS185102
19	25.902224275725523	22.318189316271265	23.10150426613211	28.67808214187111	ERS185102
20	31.820764903301786	21.249399524708625	19.69643656650797	27.233399005481612	ERS185102
21	28.160414171392908	21.186004804628844	17.89499748959081	32.758583534387434	ERS185102
22	20.11543793710862	22.152449869167967	23.638224607797365	34.09388758592605	ERS185102
23	21.22061701375732	20.364217868143424	29.62663456819081	28.788530549908447	ERS185102
24	19.770903981974648	16.678064314843002	28.161709139299703	35.389322563882644	ERS185102
25	21.552787105247308	16.63583464045353	25.809264519070567	36.002113735228576	ERS185102
26	17.493040921572987	13.284375982326994	28.81512491898036	40.40745817711966	ERS185102
27	14.928505817971832	13.024152821832812	28.248162796353675	43.79917856384168	ERS185102
28	17.139927988266198	17.024647109996685	28.988774184846285	36.84665071689084	ERS185102
1	11.686297611955359	21.305952243260233	31.45315370445625	35.554596440328154	ERS185473
2	22.65899397990149	24.022747293733826	24.27087395609228	29.047384770272398	ERS185473
3	22.629026073779784	23.125986235102573	17.070471379655718	37.17451631146192	ERS185473
4	31.52821551896291	18.589027670677787	18.593504539721387	31.289252270637927	ERS185473
5	30.32029621890471	23.39276574475934	16.936880525442227	29.350057510893727	ERS185473
6	28.374336335422054	23.498329123781534	20.825424243083233	27.30191029771317	ERS185473
7	20.88380912142046	27.080352214700603	19.003936163933307	33.03190249994563	ERS185473
8	25.83978132039945	22.895713168184503	23.992228241655212	27.272277269760828	ERS185473
9	24.642498765094587	18.959583124926862	31.503809307821275	24.894108802157284	ERS185473
10	30.423740836587577	21.075294539180934	22.25199112317884	26.248973501052646	ERS185473
11	29.55469880216764	21.15523977876294	21.701342396555308	27.588719022514116	ERS185473
12	25.58541765692101	17.401852202791662	31.18773565464485	25.82499448564248	ERS185473
13	21.534193435477587	30.079153077090766	21.4201367872042	26.966516700227466	ERS185473
14	24.311663060155286	27.678466393168282	18.694618234477364	29.315252312199068	ERS185473
15	29.216165719920358	23.98354821612865	17.911389350807568	28.88889671314343	ERS185473
16	22.333189390479678	19.528374864471072	25.371284539812628	32.76715120523662	ERS185473
17	26.865929140764717	18.00171074528225	30.963899339416212	24.168460774536825	ERS185473
18	28.316953887465313	22.011649822824033	24.581059652509676	25.090336637200977	ERS185473
19	31.45054424171748	26.431903899861545	18.031714192217795	24.085837666203194	ERS185473
20	33.3644116850519	21.22224113271623	21.092152490140172	24.321194692091705	ERS185473
21	26.41613390017007	18.07112983537084	27.327712223710197	28.185024040748896	ERS185473
22	26.64941732286268	20.5386459176108	38.369714495768214	14.442222263758307	ERS185473
23	41.565698379711925	22.230627222361964	16.413828277493707	19.78984612043241	ERS185473
24	32.551759912586476	16.825899863655387	22.54454021703497	28.07780000672317	ERS185473
25	18.891220334366167	13.337319963226532	24.68112635772413	43.090333344683174	ERS185473
26	16.959839998105952	10.374192704648703	49.00356768597599	23.662399611269354	ERS185473
27	15.796588425790631	11.054257667403679	53.31002832257222	19.83912558423346	ERS185473
28	23.87048081334261	19.727109940360798	36.01468041969426	20.38772882660234	ERS185473
1	17.406300646763352	23.572596476111908	26.518529206505896	32.502573670618844	ERS185068
2	20.720765428837442	20.92397331951453	26.465167655236467	31.890093596411557	ERS185068
3	19.96906032767424	16.032556518458374	19.78034609724599	44.2180370566214	ERS185068
4	24.312194466543914	16.76428854649225	20.264744825897967	38.65877216106586	ERS185068
5	22.726316624815816	20.36141667031396	20.966261930385038	35.94600477448519	ERS185068
6	25.294154046918038	24.97236708636279	18.648282397258548	31.08519646946063	ERS185068
7	21.0588302177955	28.3799301718092	20.056170706495195	30.505068903900103	ERS185068
8	22.37374204988563	17.039570504217966	29.088820735180796	31.49786671071561	ERS185068
9	22.674060243639268	18.66542871355847	32.91899202932617	25.74151901347609	ERS185068
10	31.02474807066361	18.56779386361267	19.820481818982685	30.58697624674103	ERS185068
11	25.82030981009986	17.930797349364127	27.416179256126032	28.83271358440999	ERS185068
12	28.32056544543215	17.969600851220807	31.906633185941388	21.803200517405656	ERS185068
13	22.04938279018396	29.144421987905787	19.70015089632053	29.106044325589718	ERS185068
14	22.060803551271206	30.24650395776733	18.478667422670163	29.214025068291303	ERS185068
15	22.654087851041588	29.264588530510586	19.995252712157914	28.086070906289912	ERS185068
16	19.135329168195245	15.761342259998518	32.05175764255856	33.05157092924767	ERS185068
17	20.513427262428838	16.711435762251035	36.404314607856215	26.370822367463923	ERS185068
18	25.706559330785247	19.535828600314566	28.7156578760788	26.041954192821397	ERS185068
19	32.863023514974564	24.165051259800485	18.828418231393595	24.143506993831352	ERS185068
20	23.50912653393718	27.340121884467408	19.326974654181463	29.82377692741395	ERS185068
21	20.855901199561764	16.254267473033266	26.25431241019883	36.63551891720614	ERS185068
22	23.163211280873142	21.849910544559993	34.56363365286545	20.423244521701413	ERS185068
23	40.73005853069709	18.96020377807223	17.833570494946148	22.476167196284532	ERS185068
24	33.735184317072594	12.486417568968205	22.48991030796749	31.28848780599171	ERS185068
25	12.270076868679904	11.94931734689449	27.70616015286936	48.074445631556245	ERS185068
26	8.016100725092006	8.025352734110536	53.881511658696745	30.07703488210073	ERS185068
27	7.169147862023622	8.326221987683418	61.492882063095614	23.011748087197358	ERS185068
28	11.649747404160161	15.843315584583815	49.83083578202445	22.676101229231573	ERS185068
